0.032402984809890636 0.015398198989869424 -0.02978667711602142 0.027147863600422532 0.009468122508904296
0.043036471969429085 -0.0785312184650416 -0.0283309130684741 0.0175569035053511 0.02557857050363603
0.04629300671092891 0.01080171482991103 -0.006711998651197782 0.022056760193331155 0.018744871653048376
0.03596915185421953 0.05803912458816712 -0.029873523728091756 0.04226183281082603 0.00811770882517793
-0.0467912258563392 -0.07418069365172864 -0.042081953776730845 0.017809829227260338 0.018721286308832144
-0.03681635801528952 0.05606416146817321 0.0020091429097402556 0.018373759110778983 0.02311644484701375
-0.045918447324622774 0.01570176122272885 -0.011231503412119708 0.060023425065454154 0.01483077566168188
-0.026259888174736526 -0.014730424510848814 -0.04630867570697113 0.01753677135099084 0.019760811715217368
-0.035118208196250375 0.020229027812055263 -0.023120147071613 0.017837717327678772 0.001995058323489996
-0.04831398404843858 0.01091933063841126 -0.016521281353583397 0.05924757602345268 0.016306709175992046
-0.040928050850302974 0.056162609145178566 -0.007217640303804624 0.016607364424322833 0.018810334932349904
0.03894517422255239 0.056165428568965316 0.0020091429097402556 0.01785992588051419 0.023339478517045927
-0.032910554407939045 0.016011174716633304 0.0023696031287547704 0.059482328057368056 0.025902219516160396
0.04350404807039377 0.05803912458816712 -0.02885980457494479 0.042014111910383324 0.016204010224797675
-0.033270675223099185 0.013673313265185089 -0.01629906762978106 0.02712181923007998 0.01649180357651762
-0.03011223759968972 0.015971468697519003 -0.010643211388115097 0.06498860360436161 0.014830921485562178
0.05691014574258532 0.05803912458816712 -0.012841192216079416 0.027317252733683982 0.005774195277537087
-0.011043078107104243 0.008804099417352726 -0.02765498918990964 0.0206557132977745 0.025808738239125818
0.0517771295127227 0.05813757226517248 -0.011130357891085994 0.02675102799252516 0.005354370152032375
0.05691014574258532 0.057444462113331554 -0.028083955541066435 0.04082467388368405 0.005942555147356037
0.057083844499014165 0.058887629750353554 -0.007396051179217936 0.028103124697383762 0.007982925158879457
-0.03441767470408517 -0.011988945567807708 -0.023120147071613 0.017837717327678772 0.02427604837191267
0.014147926538908145 0.015107145680133029 -0.011231503412119708 0.023109824619124968 0.01483077566168188
-0.028129549575522418 0.0549194176667187 -0.007217640303804624 0.01785992588051419 0.02569994310493093
-0.04345642711069306 0.056409573045095904 -0.011141075288108815 0.027264861222789954 0.007982925158879457
-0.02651422691754245 -0.07567801265153051 -0.028223540413725184 0.01753677135099084 0.013640342743910877
0.056442569641617465 0.010663937252714584 -0.0062869961790803655 0.025259827679558877 0.006011677895029933
-0.03441767470408517 0.0008342157938111683 -0.022851376984741968 0.017837717327678772 0.02086249077340981
-0.045915096799914665 0.015107145680133029 0.0026919614356401304 0.05168150470360082 0.01483077566168188
0.043036471969429085 0.011061405268850629 -0.01679005144045443 0.02714195138444024 0.016954207847092017
