# Deformed profile ogv1c_g0_c0.dat
# Params=[0.002887059582, -0.018004865288, -0.026518095997, 0.012991679241, 0.016733935523]
1.002978063969140049e-01 1.091849993991462764e+00
1.757615225590619945e-01 1.221756119694410891e+00
2.614922748424710064e-01 1.359417800869548110e+00
3.552489417698340146e-01 1.501501101466919064e+00
4.571889877532310242e-01 1.648617445312859253e+00
5.691382609599500153e-01 1.803358214084981093e+00
6.906188274284940087e-01 1.964910331122077469e+00
8.214651878010940100e-01 2.132927527433192694e+00
9.626376812626580293e-01 2.308301674608713494e+00
1.114904916810439905e+00 2.491931348604520480e+00
1.278346115460099908e+00 2.683789841239223151e+00
1.452843288119350040e+00 2.883055504863981877e+00
1.640099938973889948e+00 3.091761887301685885e+00
1.840293698561600078e+00 3.309612484636789365e+00
2.053338666692190007e+00 3.536039927007906147e+00
2.280160437404960216e+00 3.771834889903003418e+00
2.521359412710880044e+00 4.017276264806715069e+00
2.778246488327130059e+00 4.273213522655487040e+00
3.050530461555370110e+00 4.538883875394176926e+00
3.339050022555670072e+00 4.814665690302313727e+00
3.644587369763970131e+00 5.100822068767656425e+00
3.967922253964680124e+00 5.397558533949692539e+00
4.310300986579419735e+00 5.705451247827174832e+00
4.671799126988200435e+00 6.023959700787858473e+00
5.053179188826420365e+00 6.353164683676945756e+00
5.053179188826420365e+00 6.353164683676945756e+00
5.433355926641779909e+00 6.674811608834198218e+00
5.804771584548910290e+00 6.983134062165929024e+00
6.168932695558289936e+00 7.280054614986498862e+00
6.528399553431960101e+00 7.568160524067599759e+00
6.883419992743480265e+00 7.848047132260367320e+00
7.235251146607679651e+00 8.121047062304638686e+00
7.586005167117050085e+00 8.389035245662988416e+00
7.936944672027469672e+00 8.653125596173250500e+00
8.288609331962499382e+00 8.913837216084498749e+00
8.643317377793600542e+00 9.172939743901725507e+00
9.002270495321329946e+00 9.431296572962656555e+00
9.366157889020380267e+00 9.689354960734142708e+00
9.737951629300859224e+00 9.949113077251436010e+00
1.011848276317130058e+01 1.021098447014347776e+01
1.050909668495850013e+01 1.047568732564987037e+01
1.091354913035860008e+01 1.074546115786474410e+01
1.133280481712190024e+01 1.102058470273734159e+01
1.176922535619620014e+01 1.130219805123746823e+01
1.222718309082750032e+01 1.159256311283072804e+01
1.270713399895299922e+01 1.189129935483087763e+01
1.319324570818779918e+01 1.218819495197065983e+01
1.369966089059740000e+01 1.249150871897216319e+01
1.422748169806270013e+01 1.280123483381442639e+01
1.477631335957939918e+01 1.311650643933391081e+01
1.534648263896330000e+01 1.343678342197030773e+01
1.593816849779769917e+01 1.376146398524675440e+01
1.655180215611619943e+01 1.409004927773210625e+01
1.718778772257579845e+01 1.442194455360642458e+01
1.784569159626419932e+01 1.475613456868500251e+01
1.852550599735380032e+01 1.509180313949887164e+01
1.922726817771750163e+01 1.542813277108195891e+01
1.995060149272709893e+01 1.576407916632968842e+01
2.069525000833279904e+01 1.609866129871522844e+01
2.146081612850949938e+01 1.643083071739800616e+01
2.224679666212160001e+01 1.675949177055609240e+01
2.305258052781449862e+01 1.708352550787922297e+01
2.387755882488599823e+01 1.740192530905235913e+01
2.472098380846970045e+01 1.771380841535681938e+01
2.558168135481970040e+01 1.801835549888449606e+01
2.645845416351960111e+01 1.831493428437399729e+01
2.734990902879840036e+01 1.860293114273678228e+01
2.825465436195020175e+01 1.888179045943284606e+01
2.917123379495890134e+01 1.915101572704856281e+01
3.009813286076400018e+01 1.941017438164534781e+01
3.103378703858459886e+01 1.965884944711744708e+01
3.197659080978850099e+01 1.989667589845387141e+01
3.292490607623749810e+01 2.012337772682762349e+01
3.387707194885940254e+01 2.033868956523965110e+01
3.483141425994679707e+01 2.054240042438665270e+01
3.578625497025090141e+01 2.073440025442645407e+01
3.673992206582519771e+01 2.091457758074186302e+01
3.769299939877679861e+01 2.108326251234318249e+01
3.864524883180259707e+01 2.124064937442848233e+01
3.959477881348740169e+01 2.138661683490285625e+01
4.053985771084239786e+01 2.152113355947621187e+01
4.147879253981719927e+01 2.164425479576868838e+01
4.240994089538349954e+01 2.175607049415718919e+01
4.333172012300280329e+01 2.185672234191624241e+01
4.424262092124010337e+01 2.194639991707761340e+01
4.514124282743969729e+01 2.202535588202810857e+01
4.602619638914929823e+01 2.209386989960792036e+01
4.689622749696260229e+01 2.215225285684924472e+01
4.775017768526679873e+01 2.220085879206110491e+01
4.858698699896149975e+01 2.224007414683147132e+01
4.940571961768210230e+01 2.227031847989170998e+01
5.020551470674399752e+01 2.229204406739014743e+01
5.098563382278290135e+01 2.230572775056842616e+01
5.174544812598679755e+01 2.231184904947808789e+01
5.248440341922199792e+01 2.231092057047640864e+01
5.320208101182340243e+01 2.230346719257427068e+01
5.389815671770109873e+01 2.228998281391396219e+01
5.457237156696879765e+01 2.227097953155348975e+01
5.522458963602390014e+01 2.224697048018917656e+01
5.585477847714359712e+01 2.221839980436292450e+01
5.646292884618330277e+01 2.218577284689178342e+01
5.704910552038359839e+01 2.214949007531867764e+01
5.761357099993460196e+01 2.211000448007945351e+01
5.815644397720839720e+01 2.206773151118207821e+01
5.867805867518669771e+01 2.202301372478529018e+01
5.917883390256240261e+01 2.197623317020498135e+01
5.965890318554890115e+01 2.192778349900082446e+01
6.011903147713090334e+01 2.187793083262745242e+01
6.055930816803429906e+01 2.182702938695574346e+01
6.098057460595499890e+01 2.177533353409702244e+01
6.138301401293200144e+01 2.172317094631508638e+01
6.176748046851569995e+01 2.167076578006794918e+01
6.213420133329500317e+01 2.161840142880367566e+01
6.248409765060750232e+01 2.156623198540127717e+01
6.281730490367790054e+01 2.151453347166100727e+01
6.313492066953430282e+01 2.146337752943249910e+01
6.343691089732529775e+01 2.141293843841135569e+01
6.372438122293049645e+01 2.136328163741342223e+01
6.399765539816699800e+01 2.131462693950774678e+01
6.425721674547729378e+01 2.126698633420969742e+01
6.450398744033880405e+01 2.122036002119752496e+01
6.473797560954000119e+01 2.117505289476310892e+01
6.496007405534980705e+01 2.113088627437171496e+01
6.517095400945770223e+01 2.108796644708296242e+01
6.537058970092610366e+01 2.104637462523411529e+01
6.537058970092610366e+01 2.104637462523411529e+01
6.555483274065940691e+01 2.100712469644498270e+01
6.569720575576489807e+01 2.097623557073589140e+01
6.581373285157809505e+01 2.095057072767254880e+01
6.591342430399780028e+01 2.092833603429406963e+01
6.600229660550959920e+01 2.090829748879062677e+01
6.608452672098930236e+01 2.088956951317344490e+01
6.616316509606940599e+01 2.087148765792144189e+01
6.624077728335049642e+01 2.085347837044592012e+01
6.631966036736679371e+01 2.083500294064924319e+01
6.640252199949659939e+01 2.081540531074825751e+01
6.649257226312610669e+01 2.079389148846516733e+01
6.659401836233099914e+01 2.076941014421246123e+01
6.671312348122179969e+01 2.074043824187776863e+01
6.685972690862119805e+01 2.070449353391564173e+01
6.703533766122720294e+01 2.064546166253336423e+01
6.715188522315500563e+01 2.054952356163007821e+01
6.720410473151430608e+01 2.046716929682775543e+01
6.723154465380119404e+01 2.039780140005763087e+01
6.724593515918580522e+01 2.033653012017553863e+01
6.725162395766480472e+01 2.028295415459326989e+01
6.725191760183129475e+01 2.025091569750413711e+01
6.724552004564469598e+01 2.019285093914372098e+01
6.723107315034989995e+01 2.013684443026168580e+01
6.720556323617189776e+01 2.007676659010017772e+01
6.716726357512729351e+01 2.001524231519586294e+01
6.711700430944219420e+01 1.995769349562829120e+01
6.705390332630679495e+01 1.990669249849552713e+01
6.697737673032300165e+01 1.986706420626730107e+01
6.688616968490239856e+01 1.984563958362604552e+01
6.678283785266499706e+01 1.984538907990315337e+01
6.667268381996190385e+01 1.985745328379419306e+01
6.655682604953069870e+01 1.987275265092853260e+01
6.643378068681789728e+01 1.988858730775952566e+01
6.630239794591419411e+01 1.990483744087749685e+01
6.616193611106290007e+01 1.992147935902088562e+01
6.601143669209460541e+01 1.993848971208025844e+01
6.584917785852199756e+01 1.995591045549570808e+01
6.567425479045670045e+01 1.997365342246903808e+01
6.548510139471029845e+01 1.999166635029906303e+01
6.527948873474710467e+01 2.000989915966911425e+01
6.505517261722930300e+01 2.002824096202791537e+01
6.480971103515629750e+01 2.004656919748004995e+01
6.453942246299649810e+01 2.006471016552774600e+01
6.424058701129459337e+01 2.008238714491575649e+01
6.390821929411559665e+01 2.009922536279611904e+01
6.353620741831520036e+01 2.011471525651160519e+01
6.311691284488340159e+01 2.012811076849609648e+01
6.264059560895599788e+01 2.013840394992820393e+01
6.209454790252460299e+01 2.014409156434071591e+01
6.209454790252460299e+01 2.014409156434071591e+01
6.152519557264670169e+01 2.014348295729000782e+01
6.092965121404650120e+01 2.013623235232830311e+01
6.030737920070019698e+01 2.012176541964519672e+01
5.965801008761970081e+01 2.009969712333055014e+01
5.898109851066470100e+01 2.006954870295197324e+01
5.827631083667780132e+01 2.003081548793079492e+01
5.754340327883389961e+01 1.998308799687814030e+01
5.678223245054370238e+01 1.992592830266629278e+01
5.599275650093510137e+01 1.985891064946567397e+01
5.517512348823809987e+01 1.978164191819050188e+01
5.432944507957729741e+01 1.969373873719463930e+01
5.345600866364029713e+01 1.959484965420673674e+01
5.255524782974460152e+01 1.948463721262512394e+01
5.162773254593420091e+01 1.936282561920491929e+01
5.067479317553979712e+01 1.922926463973699995e+01
4.969833843357260150e+01 1.908389471439219776e+01
4.869889449774129986e+01 1.892654056833536202e+01
4.767713957915039913e+01 1.875700821270424257e+01
4.663390242483050230e+01 1.857517348218712172e+01
4.557015881715229710e+01 1.838092229099478558e+01
4.448702659918919977e+01 1.817418845098636737e+01
4.338575924424049646e+01 1.795493693797683576e+01
4.226773621232980105e+01 1.772317073889024286e+01
4.113445107644459853e+01 1.747893391283400177e+01
3.998758401916970229e+01 1.722231233480720647e+01
3.882880580672060233e+01 1.695340456765053005e+01
3.765983750600290136e+01 1.667232795379548449e+01
3.648597661709389683e+01 1.638010909087751088e+01
3.531233302174219801e+01 1.607784787774804158e+01
3.414042294972900038e+01 1.576578532872560068e+01
3.297253788872900060e+01 1.544436819655295245e+01
3.181103153374469983e+01 1.511407644627195346e+01
3.065822792125059948e+01 1.477539484706381323e+01
2.951620895896270014e+01 1.442874230959414028e+01
2.838723951819070024e+01 1.407458348038704976e+01
2.727332011853599880e+01 1.371330024758162835e+01
2.617644804008979875e+01 1.334539220125085102e+01
2.509868179665319943e+01 1.297151973214921306e+01
2.404185917581170173e+01 1.259239238415224449e+01
2.300759431042940051e+01 1.220877746432659450e+01
2.199758255609690138e+01 1.182158817925957806e+01
2.101294692788950158e+01 1.143164610116619428e+01
2.005482539579680079e+01 1.103989982531908431e+01
1.912437008485679968e+01 1.064741673236166442e+01
1.822204840226660139e+01 1.025504970040626418e+01
1.734865777104259976e+01 9.863872101651292468e+00
1.650434585989160041e+01 9.474751864729366702e+00
1.568937911255309992e+01 9.088671184129749392e+00
1.490411451504090046e+01 8.706768511813065103e+00
1.414831192906279966e+01 8.329910209675952970e+00
1.342183863359369944e+01 7.959020867948642497e+00
1.272448877604860051e+01 7.594965931513057988e+00
1.205569827789349979e+01 7.238376105547664530e+00
1.141537457952519929e+01 6.890079376861875993e+00
1.080332832223479933e+01 6.550819892003316269e+00
1.021906539679049963e+01 6.221109663552891078e+00
9.661834112015510456e+00 5.901236782358886046e+00
9.130894997742910135e+00 5.591543211711363703e+00
8.625478296230630448e+00 5.292207641868589718e+00
8.144774976387669341e+00 5.003449334815156746e+00
7.687943094028850233e+00 4.725308442055600189e+00
7.254118382845909707e+00 4.457883172032884644e+00
6.842422573989339618e+00 4.201128978256664759e+00
6.451969619331889838e+00 3.954924820362046844e+00
6.081870466519670337e+00 3.719150533416934135e+00
5.731236405106550080e+00 3.493639997302290467e+00
5.399201863838749560e+00 3.278187630680235998e+00
5.084931362061460014e+00 3.072567909580490308e+00
4.787547329777759764e+00 2.876491995107686162e+00
4.506279491254120195e+00 2.689688823578089139e+00
4.240364704888979652e+00 2.511834412753993107e+00
3.988923786085480039e+00 2.342564952988627436e+00
3.751238462741020019e+00 2.181688339034088653e+00
3.526611266693110203e+00 2.028858131315371516e+00
3.314416646653969956e+00 1.883566334674400267e+00
3.113895915808969850e+00 1.745731809921635680e+00
2.924455176319670002e+00 1.614931615481324023e+00
2.745509395632800054e+00 1.490736993521214693e+00
2.576450626892529794e+00 1.373132962292789472e+00
2.409865886738740137e+00 1.256584775397918241e+00
2.239178817612809791e+00 1.136969082889254468e+00
2.064600483235610184e+00 1.013949146466795792e+00
1.886691157409960073e+00 8.881901034192486444e-01
1.705942557336590060e+00 7.599336113675478899e-01
1.522836886096089914e+00 6.294786699841845579e-01
1.337815201324179970e+00 4.971539111939592415e-01
1.151244110773729901e+00 3.631807013803064477e-01
9.633837862197289770e-01 2.277845246198628160e-01
7.739951439923049570e-01 9.093625520081059788e-02
5.812970512269840517e-01 -2.622996664605510217e-02
3.746169810959770197e-01 -8.086475592968742077e-02
1.672642631978109862e-01 -7.509200683633147910e-02
-1.373287011254326062e-02 4.662189784817620530e-02
-9.333446937670941690e-02 2.956666239947625674e-01
-1.100824110305139991e-01 4.868472783203833254e-01
-9.303320483154575715e-02 6.573456907137131822e-01
-3.619604010852890685e-02 8.172031256221986562e-01
3.036778399633624156e-02 9.602926264611129081e-01
1.002978063969140049e-01 1.091849993991462764e+00
