# Deformed profile ogv1c_g0_c0.dat
# Params=[-0.014991029559, -0.046309304873, -0.02656637482, 0.014093945443, 0.022054331595]
1.002978063969140049e-01 1.093108466248817079e+00
1.757615225590619945e-01 1.225478449872233755e+00
2.614922748424710064e-01 1.365678301122913885e+00
3.552489417698340146e-01 1.510328815636220678e+00
4.571889877532310242e-01 1.660024891609601871e+00
5.691382609599500153e-01 1.817400052377997177e+00
6.906188274284940087e-01 1.981636375106208936e+00
8.214651878010940100e-01 2.152394265208361190e+00
9.626376812626580293e-01 2.330550629837155441e+00
1.114904916810439905e+00 2.517003918501962811e+00
1.278346115460099908e+00 2.711776568091659900e+00
1.452843288119350040e+00 2.913992156593968375e+00
1.640099938973889948e+00 3.125690332989241149e+00
1.840293698561600078e+00 3.346643661663641467e+00
2.053338666692190007e+00 3.576238000634013758e+00
2.280160437404960216e+00 3.815224090897682885e+00
2.521359412710880044e+00 4.063937019749648272e+00
2.778246488327130059e+00 4.323260102787512160e+00
3.050530461555370110e+00 4.592390495727043387e+00
3.339050022555670072e+00 4.871708429862733780e+00
3.644587369763970131e+00 5.161479432196524719e+00
3.967922253964680124e+00 5.461911834691110634e+00
4.310300986579419735e+00 5.773596150633801827e+00
4.671799126988200435e+00 6.095992045829565775e+00
5.053179188826420365e+00 6.429177824835924149e+00
5.053179188826420365e+00 6.429177824835924149e+00
5.433355926641779909e+00 6.754672522394599810e+00
5.804771584548910290e+00 7.066655511617062402e+00
6.168932695558289936e+00 7.367073982645434782e+00
6.528399553431960101e+00 7.658557516328563963e+00
6.883419992743480265e+00 7.941714708598420991e+00
7.235251146607679651e+00 8.217896240898150850e+00
7.586005167117050085e+00 8.488999089907030893e+00
7.936944672027469672e+00 8.756152327235373178e+00
8.288609331962499382e+00 9.019882874829121988e+00
8.643317377793600542e+00 9.281982199429270608e+00
9.002270495321329946e+00 9.543325744798153210e+00
9.366157889020380267e+00 9.804366056099418358e+00
9.737951629300859224e+00 1.006712752886040896e+01
1.011848276317130058e+01 1.033202949897841627e+01
1.050909668495850013e+01 1.059980235058804077e+01
1.091354913035860008e+01 1.087271140958076110e+01
1.133280481712190024e+01 1.115104222842921011e+01
1.176922535619620014e+01 1.143594186608766528e+01
1.222718309082750032e+01 1.172971018537785959e+01
1.270713399895299922e+01 1.203197086214312961e+01
1.319324570818779918e+01 1.233237960622337681e+01
1.369966089059740000e+01 1.263930641211828920e+01
1.422748169806270013e+01 1.295274909078731085e+01
1.477631335957939918e+01 1.327183038080223731e+01
1.534648263896330000e+01 1.359601420163007646e+01
1.593816849779769917e+01 1.392469269012918254e+01
1.655180215611619943e+01 1.425736655607046366e+01
1.718778772257579845e+01 1.459344588713841873e+01
1.784569159626419932e+01 1.493190376039326850e+01
1.852550599735380032e+01 1.527191991456694886e+01
1.922726817771750163e+01 1.561268147170732945e+01
1.995060149272709893e+01 1.595313173000957008e+01
2.069525000833279904e+01 1.629228805729012919e+01
2.146081612850949938e+01 1.662909765320386057e+01
2.224679666212160001e+01 1.696245608138794481e+01
2.305258052781449862e+01 1.729124405078871973e+01
2.387755882488599823e+01 1.761446674521664590e+01
2.472098380846970045e+01 1.793124621549906195e+01
2.558168135481970040e+01 1.824076471492782758e+01
2.645845416351960111e+01 1.854236267460966658e+01
2.734990902879840036e+01 1.883539692601761573e+01
2.825465436195020175e+01 1.911926949737450698e+01
2.917123379495890134e+01 1.939346158526873154e+01
3.009813286076400018e+01 1.965750181927077733e+01
3.103378703858459886e+01 1.991093809732013042e+01
3.197659080978850099e+01 2.015337969269451079e+01
3.292490607623749810e+01 2.038452191675025205e+01
3.387707194885940254e+01 2.060406862499822722e+01
3.483141425994679707e+01 2.081177879690073595e+01
3.578625497025090141e+01 2.100753313851361170e+01
3.673992206582519771e+01 2.119119492989725018e+01
3.769299939877679861e+01 2.136307047555381899e+01
3.864524883180259707e+01 2.152335945563440234e+01
3.959477881348740169e+01 2.167192382192422428e+01
4.053985771084239786e+01 2.180870432277163928e+01
4.147879253981719927e+01 2.193375475259822238e+01
4.240994089538349954e+01 2.204716704314875741e+01
4.333172012300280329e+01 2.214907138964455413e+01
4.424262092124010337e+01 2.223965497799871827e+01
4.514124282743969729e+01 2.231917092964721405e+01
4.602619638914929823e+01 2.238790971628838378e+01
4.689622749696260229e+01 2.244618774458068700e+01
4.775017768526679873e+01 2.249436815651601762e+01
4.858698699896149975e+01 2.253285074622109008e+01
4.940571961768210230e+01 2.256207187806722914e+01
5.020551470674399752e+01 2.258250266835486997e+01
5.098563382278290135e+01 2.259464152534009429e+01
5.174544812598679755e+01 2.259898704135608227e+01
5.248440341922199792e+01 2.259607491465571272e+01
5.320208101182340243e+01 2.258644905962205129e+01
5.389815671770109873e+01 2.257062704393219832e+01
5.457237156696879765e+01 2.254914300294210250e+01
5.522458963602390014e+01 2.252252441907250358e+01
5.585477847714359712e+01 2.249123865610025064e+01
5.646292884618330277e+01 2.245580758296874535e+01
5.704910552038359839e+01 2.241665076420489555e+01
5.761357099993460196e+01 2.237423455065802003e+01
5.815644397720839720e+01 2.232899455643843467e+01
5.867805867518669771e+01 2.228128951374394617e+01
5.917883390256240261e+01 2.223150852698685753e+01
5.965890318554890115e+01 2.218007078823604772e+01
6.011903147713090334e+01 2.212724376434796270e+01
6.055930816803429906e+01 2.207340450278896427e+01
6.098057460595499890e+01 2.201881828797317198e+01
6.138301401293200144e+01 2.196382576320009150e+01
6.176748046851569995e+01 2.190865469903457807e+01
6.213420133329500317e+01 2.185359823715449679e+01
6.248409765060750232e+01 2.179880599151593046e+01
6.281730490367790054e+01 2.174456323888648157e+01
6.313492066953430282e+01 2.169094570826556279e+01
6.343691089732529775e+01 2.163812720499078424e+01
6.372438122293049645e+01 2.158617576740976673e+01
6.399765539816699800e+01 2.153530434902612711e+01
6.425721674547729378e+01 2.148554115442669854e+01
6.450398744033880405e+01 2.143687321308935267e+01
6.473797560954000119e+01 2.138961234530923861e+01
6.496007405534980705e+01 2.134357483076048823e+01
6.517095400945770223e+01 2.129885733641907564e+01
6.537058970092610366e+01 2.125556264039881427e+01
6.537058970092610366e+01 2.125556264039881427e+01
6.555483274065940691e+01 2.121472760576931549e+01
6.569720575576489807e+01 2.118260342616143888e+01
6.581373285157809505e+01 2.115593178290574627e+01
6.591342430399780028e+01 2.113282706396304178e+01
6.600229660550959920e+01 2.111201628466239200e+01
6.608452672098930236e+01 2.109256830330570409e+01
6.616316509606940599e+01 2.107379971120949236e+01
6.624077728335049642e+01 2.105511083258361893e+01
6.631966036736679371e+01 2.103594350471998453e+01
6.640252199949659939e+01 2.101561903633441020e+01
6.649257226312610669e+01 2.099331562550414532e+01
6.659401836233099914e+01 2.096794856863343526e+01
6.671312348122179969e+01 2.093794530470691129e+01
6.685972690862119805e+01 2.090074686445570507e+01
6.703533766122720294e+01 2.084017669894068803e+01
6.715188522315500563e+01 2.074332831794711751e+01
6.720410473151430608e+01 2.066050681858352078e+01
6.723154465380119404e+01 2.059075664313971998e+01
6.724593515918580522e+01 2.052913967447881305e+01
6.725162395766480472e+01 2.047540161337709819e+01
6.725191760183129475e+01 2.044299138517536107e+01
6.724552004564469598e+01 2.038451270683963656e+01
6.723107315034989995e+01 2.032818476983565503e+01
6.720556323617189776e+01 2.026784687651463912e+01
6.716726357512729351e+01 2.020601517465338048e+01
6.711700430944219420e+01 2.014804112196755881e+01
6.705390332630679495e+01 2.009638990697217764e+01
6.697737673032300165e+01 2.005569821938334485e+01
6.688616968490239856e+01 2.003273439553983337e+01
6.678283785266499706e+01 2.003137695754808334e+01
6.667268381996190385e+01 2.004342097574048154e+01
6.655682604953069870e+01 2.005926234896393723e+01
6.643378068681789728e+01 2.007571961757160750e+01
6.630239794591419411e+01 2.009260986678992111e+01
6.616193611106290007e+01 2.010991070715570928e+01
6.601143669209460541e+01 2.012759510391891737e+01
6.584917785852199756e+01 2.014571116855220723e+01
6.567425479045670045e+01 2.016416451045234481e+01
6.548510139471029845e+01 2.018290202653621535e+01
6.527948873474710467e+01 2.020187174794775942e+01
6.505517261722930300e+01 2.022097276723016890e+01
6.480971103515629750e+01 2.024006480866096069e+01
6.453942246299649810e+01 2.025896198937986981e+01
6.424058701129459337e+01 2.027738646945172363e+01
6.390821929411559665e+01 2.029497356694864862e+01
6.353620741831520036e+01 2.031117825418831302e+01
6.311691284488340159e+01 2.032522760713844434e+01
6.264059560895599788e+01 2.033608821908435615e+01
6.209454790252460299e+01 2.034222228648559039e+01
6.209454790252460299e+01 2.034222228648559039e+01
6.152519557264670169e+01 2.034183537984445067e+01
6.092965121404650120e+01 2.033459153165586741e+01
6.030737920070019698e+01 2.031988030635956122e+01
5.965801008761970081e+01 2.029732098312856081e+01
5.898109851066470100e+01 2.026640575551517287e+01
5.827631083667780132e+01 2.022661391802131448e+01
5.754340327883389961e+01 2.017752879620672246e+01
5.678223245054370238e+01 2.011869319322073579e+01
5.599275650093510137e+01 2.004966701081374936e+01
5.517512348823809987e+01 1.997004374431205420e+01
5.432944507957729741e+01 1.987942534534434103e+01
5.345600866364029713e+01 1.977745064619878335e+01
5.255524782974460152e+01 1.966377051458512426e+01
5.162773254593420091e+01 1.953809545852080376e+01
5.067479317553979712e+01 1.940027355566810385e+01
4.969833843357260150e+01 1.925024221171756267e+01
4.869889449774129986e+01 1.908781703152754261e+01
4.767713957915039913e+01 1.891279850659973505e+01
4.663390242483050230e+01 1.872506350151713050e+01
4.557015881715229710e+01 1.852448316243161486e+01
4.448702659918919977e+01 1.831099765191311235e+01
4.338575924424049646e+01 1.808456830612411537e+01
4.226773621232980105e+01 1.784519898946459548e+01
4.113445107644459853e+01 1.759293693582444007e+01
3.998758401916970229e+01 1.732787029465196582e+01
3.882880580672060233e+01 1.705010245602405305e+01
3.765983750600290136e+01 1.675975700048795858e+01
3.648597661709389683e+01 1.645789795066890449e+01
3.531233302174219801e+01 1.614566609674194453e+01
3.414042294972900038e+01 1.582331474291918916e+01
3.297253788872900060e+01 1.549131015532936217e+01
3.181103153374469983e+01 1.515015680057337022e+01
3.065822792125059948e+01 1.480036480560553258e+01
2.951620895896270014e+01 1.444237834931788456e+01
2.838723951819070024e+01 1.407669555011381846e+01
2.727332011853599880e+01 1.370376366550577707e+01
2.617644804008979875e+01 1.332419655765185595e+01
2.509868179665319943e+01 1.293878927981359439e+01
2.404185917581170173e+01 1.254838156718325592e+01
2.300759431042940051e+01 1.215386855439301605e+01
2.199758255609690138e+01 1.175627589961465880e+01
2.101294692788950158e+01 1.135652642268917845e+01
2.005482539579680079e+01 1.095567418455988573e+01
1.912437008485679968e+01 1.055484987592991430e+01
1.822204840226660139e+01 1.015497939642577840e+01
1.734865777104259976e+01 9.757174466286041792e+00
1.650434585989160041e+01 9.362330632810548892e+00
1.568937911255309992e+01 8.971440430193599269e+00
1.490411451504090046e+01 8.585628069321023403e+00
1.414831192906279966e+01 8.205730864178960360e+00
1.342183863359369944e+01 7.832637587134442470e+00
1.272448877604860051e+01 7.467174356177846306e+00
1.205569827789349979e+01 7.109925910742811439e+00
1.141537457952519929e+01 6.761663402706381554e+00
1.080332832223479933e+01 6.423076855725696532e+00
1.021906539679049963e+01 6.094637994236283163e+00
9.661834112015510456e+00 5.776576279561044025e+00
9.130894997742910135e+00 5.469133311998134239e+00
8.625478296230630448e+00 5.172495883301388098e+00
8.144774976387669341e+00 4.886745339740594218e+00
7.687943094028850233e+00 4.611930692285099553e+00
7.254118382845909707e+00 4.348088202522263579e+00
6.842422573989339618e+00 4.095081611916056907e+00
6.451969619331889838e+00 3.852766600310440825e+00
6.081870466519670337e+00 3.621007186870166983e+00
5.731236405106550080e+00 3.399593604767310762e+00
5.399201863838749560e+00 3.188281370885576838e+00
5.084931362061460014e+00 2.986816756473395618e+00
4.787547329777759764e+00 2.794892665684384880e+00
4.506279491254120195e+00 2.612232169205966237e+00
4.240364704888979652e+00 2.438475580373302254e+00
3.988923786085480039e+00 2.273198353625221824e+00
3.751238462741020019e+00 2.116221427286308021e+00
3.526611266693110203e+00 1.967261097696446193e+00
3.314416646653969956e+00 1.825737441660250315e+00
3.113895915808969850e+00 1.691508912711602530e+00
2.924455176319670002e+00 1.564299095856616528e+00
2.745509395632800054e+00 1.443504895970065371e+00
2.576450626892529794e+00 1.329237300853269632e+00
2.409865886738740137e+00 1.216016224639676180e+00
2.239178817612809791e+00 1.099890423795133909e+00
2.064600483235610184e+00 9.805396128176141479e-01
1.886691157409960073e+00 8.585756464425357004e-01
1.705942557336590060e+00 7.342699138094810341e-01
1.522836886096089914e+00 6.079149851252887427e-01
1.337815201324179970e+00 4.798248305921320456e-01
1.151244110773729901e+00 3.502114746387645638e-01
9.633837862197289770e-01 2.192978380748239475e-01
7.739951439923049570e-01 8.703889217625804253e-02
5.812970512269840517e-01 -2.541614260834946723e-02
3.746169810959770197e-01 -7.817326002391390694e-02
1.672642631978109862e-01 -7.307132329426579975e-02
-1.373287011254326062e-02 4.530299154964472635e-02
-9.333446937670941690e-02 2.868112075647662462e-01
-1.100824110305139991e-01 4.786423031400028894e-01
-9.303320483154575715e-02 6.510427794059197026e-01
-3.619604010852890685e-02 8.132697641368661357e-01
3.036778399633624156e-02 9.590365068311957897e-01
1.002978063969140049e-01 1.093108466248817079e+00
