# Baseline transonic compressor profile L030-4
# 425 points - extracted from coarse mesh (blocks 3-4-7-6)
-0.001608747238931674 0.002561702184110038
-0.001649011277599055 0.003483800221346196
-0.001455470938314148 0.004423163998911831
-0.001017721220410695 0.005318538665669986
-0.0004832228355275334 0.006207445051073934
7.289052345317996e-05 0.007129010641735916
0.0006513349006195954 0.008083803369722337
0.001252558329287326 0.009072504078457678
0.00187696299673755 0.01009577106916004
0.002524897908627134 0.01115423757506121
0.003196651117985305 0.01224850923557583
0.003892441551408738 0.01337916157419034
0.004612410476032078 0.01454673747994806
0.005356612662774045 0.01575174468768619
0.006125007318741455 0.01699465325743256
0.006917450083864879 0.0182758921416465
0.007732530545661081 0.01959370470690071
0.00856132773988284 0.02093366435624438
0.009415466675320254 0.02231448008464151
0.01029555171489037 0.02373702798242888
0.01120219260074957 0.02520217554309465
0.01213600405886447 0.02671077913300425
0.01309760540786255 0.02826368132575729
0.01408762015506283 0.02986170807342518
0.01510667558003938 0.03150566571300001
0.01615540230589302 0.03319633780724394
0.01723443385816544 0.03493448182007719
0.01834440621104245 0.03672082562772527
0.0194859573135022 0.03855606385737776
0.02065972663729998 0.04044085412622091
0.02186314527477787 0.0423706700631595
0.0230718009488501 0.04430603030311606
0.0242842187047826 0.04624446270125512
0.0255076572919702 0.04819758113411981
0.02674963797113443 0.05017735551048071
0.02801813561613767 0.05219640936389616
0.02932179133282875 0.05426835356704685
0.03067016151682324 0.05640817408883805
0.03207401933984665 0.05863269845665681
0.03354573000618537 0.06096117360194378
0.03509972915717256 0.06341599989229033
0.03675314592450961 0.06602368448408713
0.03852663050625409 0.06881610536413083
0.04036653410162399 0.07170816007233106
0.04223049940091755 0.07463285028813706
0.04413738649153201 0.07761940552682041
0.04610668604907747 0.08069780489961272
0.0481603701762249 0.08390162681587178
0.05032395443536522 0.08726962530873658
0.05262789454325001 0.09084778392639214
0.0551094902018522 0.09469209473905171
0.05781551721871935 0.09887247397837463
0.06080607721105204 0.103478385940293
0.06416042516542177 0.108627154482933
0.0679859273723967 0.114476756159683
0.07229928608516845 0.121043934022603
0.07664673048130431 0.127632652281296
0.08095453700249292 0.134131286041129
0.08519770441881425 0.140503248540359
0.08935274989046324 0.146714852228032
0.0933982576513071 0.152735920744083
0.09731521589382452 0.158540318216089
0.101087279044052 0.164106285045989
0.104700933826933 0.169416591712683
0.108145510271637 0.174458561867461
0.111454050501913 0.17928328442775
0.114609374763872 0.183868151108779
0.117590615904575 0.188185431323371
0.120445980235937 0.192307153625485
0.123216697632009 0.196294234986802
0.125939528321616 0.200200396911928
0.128648784031119 0.204075210815832
0.131378089996135 0.207966670104563
0.134162072443055 0.211923591485858
0.137038135150439 0.215998116824829
0.137038135150439 0.215998116824829
0.139995327890159 0.220173594526172
0.143177613794179 0.224651166445527
0.146575979612868 0.229414891529819
0.150175519151375 0.234440631701478
0.153955274833804 0.23969596964121
0.157888462646134 0.245140583870914
0.161942928932952 0.250727254151321
0.166082028517219 0.256403344519739
0.170265826111475 0.262112725838733
0.174452501074822 0.267798029892605
0.178625149595081 0.273436651423182
0.182944628466422 0.279244874350862
0.187438378851973 0.285256496733104
0.192089277755738 0.291445065755397
0.196877109215285 0.297780375646305
0.201778802418477 0.304228993832466
0.206768730489643 0.310754979125065
0.211819222585619 0.317320644220059
0.216901214070799 0.323887370296191
0.221984930006323 0.330416492923969
0.227040589770911 0.336870200934605
0.232039066939015 0.343212426420255
0.236995742132921 0.349463927154611
0.242033454605766 0.355779241544169
0.24715597101493 0.362161236096677
0.252347807602096 0.368588895470558
0.257592541007985 0.375040617098411
0.262873029819122 0.381494483075938
0.268171653214809 0.387928543177604
0.273470528248765 0.39432112739427
0.278751755600007 0.400651133429692
0.283997677663809 0.406898288030006
0.289196876077903 0.413050028709386
0.294476234297886 0.419255985271291
0.299959389339881 0.425658046142277
0.305623203681703 0.432224700980225
0.311440466075514 0.43892095053124
0.317380520824883 0.445708816336471
0.323410209929888 0.452547849704124
0.329494818826158 0.459395855721898
0.335598306768928 0.466210405993454
0.341682799828619 0.472951110728981
0.347709561796639 0.479580570948132
0.35364195160929 0.486063397505753
0.359467045797036 0.492378839877322
0.365319489278391 0.498657768076075
0.371250807118902 0.50494173023419
0.37724337817969 0.511223224619388
0.383272765791689 0.517501003829624
0.389318874013957 0.523769612461757
0.395377736120362 0.530008009754181
0.40144916687401 0.536191420605466
0.407526321152547 0.542301668229517
0.413591520092586 0.548331806959468
0.419626560135546 0.554276335158966
0.425617352299902 0.56012663065236
0.431553503471392 0.565871411019798
0.437424922637139 0.571500295016676
0.44323367408097 0.577017155377935
0.449003717908897 0.582447527881156
0.454696116188004 0.587757478688322
0.460311373376059 0.59294975119022
0.465850188110717 0.598026839694466
0.471313231182511 0.60299122646497
0.476700995049114 0.607845550283884
0.482013909218187 0.612592484136014
0.487252438574558 0.617234627145673
0.492417128833959 0.621774451817876
0.497508584681498 0.626214326588862
0.50252742632793 0.630556564152163
0.507474306902109 0.634803400923541
0.512349923386517 0.638956983442963
0.517154981967267 0.643019408103877
0.521890182563225 0.646992738360206
0.526556153390136 0.650879087975265
0.531174053386305 0.654697501963595
0.535664723165189 0.658384408254125
0.540027899710509 0.661942036129677
0.544278782097402 0.665384854502696
0.54843129893639 0.66872588601717
0.552498287245458 0.6719769454009
0.556491656412926 0.675148830958899
0.560422508806762 0.678251517218117
0.564301302151322 0.681294251538625
0.568137980534996 0.684285654275845
0.571942080178737 0.687233822384864
0.575722836589279 0.690146408562767
0.579489275585144 0.693030703508366
0.583250288672639 0.695893725551488
0.587014716410753 0.698742291020181
0.590791433730743 0.701583076592229
0.594585987188619 0.704420088128698
0.598429808402135 0.707276394715864
0.602320607641737 0.710149660319547
0.606221250100318 0.713012096746666
0.610094160909013 0.715836413450131
0.613902723483244 0.718596900454576
0.617612737664483 0.721270198044689
0.621193602164694 0.72383600325678
0.624619228762377 0.726277553248892
0.627868849523914 0.728581577305541
0.630927116802072 0.730738554542706
0.633783823601492 0.732742886720097
0.636433612881685 0.73459257192543
0.638875508376123 0.736288746230848
0.64111231667665 0.737835164835551
0.643149795874346 0.739237909513662
0.64499606372121 0.740504750648994
0.646661215339277 0.74164428638981
0.648156695958474 0.742665580219183
0.649494740709096 0.743577880142151
0.650687910954669 0.744390388077647
0.651748725453416 0.745112077888184
0.652689379119558 0.745751558230812
0.653521538930134 0.746316975097834
0.654256205146977 0.746815948268183
0.654903625951676 0.74725553577094
0.655473254375068 0.747642220738265
0.655973737595609 0.747981915507803
0.656412930197595 0.748279978535471
0.656797924364338 0.748541240324368
0.657135091397445 0.748770035290659
0.657430130157115 0.748970237108388
0.657688119064101 0.749145295634596
0.657688119064101 0.749145295634596
0.657936208770311 0.749312861743613
0.658184309300155 0.749465205954347
0.658436774590572 0.749594236036024
0.658691366647605 0.749701849140405
0.658946715730466 0.749788803758363
0.659201497245211 0.749856132984396
0.659454568613511 0.749904819241671
0.659704930133329 0.749935830300363
0.659951709685535 0.749950108855001
0.660194147633954 0.749948567147488
0.660431582952854 0.749932084228475
0.660663441089483 0.749901503975989
0.660889223005332 0.749857633697076
0.66110849548582 0.749801244172774
0.661320882499075 0.749733069900884
0.661526057449922 0.749653809678093
0.66172373645142 0.749564128017469
0.661913672343374 0.749464656583128
0.662095649102423 0.749355995327769
0.662269477270755 0.749238714552734
0.662434989714554 0.749113356699284
0.66259203779764 0.748980438055929
0.662740488223909 0.74884045091032
0.662880220017444 0.748693865339881
0.663011169762887 0.748541072565201
0.663139546983268 0.748373795338083
0.663273462072365 0.74817622515518
0.66340958458159 0.747943403756974
0.663542937201344 0.747670052766894
0.6636664311518 0.747350874680211
0.663770365974112 0.746981062418913
0.663841956005157 0.74655709354958
0.663864990361823 0.746077882295497
0.663819806009474 0.745546341455584
0.66368382346528 0.744971341308976
0.663432961498278 0.744369933648679
0.663043538969924 0.743770200439134
0.662522624043889 0.743186570367165
0.661946740934776 0.742561709891034
0.661322662864647 0.741889435170694
0.660650773812769 0.741170984608469
0.659932552691912 0.740408615104106
0.659170661431791 0.739605678721791
0.658369007859861 0.738766628382597
0.657532744544188 0.737896967482574
0.656668192781855 0.737003140347075
0.655782687270668 0.736092365340472
0.654884345992344 0.735172418489727
0.653981778694621 0.734251380302916
0.653083755497279 0.733337362397117
0.652196347019505 0.732435678037292
0.651307567013526 0.73153333262072
0.650413082879596 0.730625140724726
0.649513444911383 0.729710851177873
0.648609223038843 0.728790203001126
0.647701003765311 0.727862929868834
0.646789180364956 0.726928965545547
0.645873849892822 0.725988541923223
0.644955082630994 0.725041924500406
0.644032948073788 0.724089386376216
0.643107514612537 0.72313120838193
0.642178849598498 0.722167678838502
0.641247019417534 0.72119909329909
0.640312089576349 0.720225754276876
0.639374124800036 0.719247970958537
0.6384331891406 0.718266058903718
0.637489346096083 0.717280339730885
0.636542658739858 0.716291140789952
0.635593189859572 0.715298794822116
0.634641002105213 0.714303639607333
0.633686158141848 0.713306017603542
0.632728723793771 0.712306272716973
0.631769208272767 0.711305045706459
0.630796951029859 0.710291160194431
0.629803199068028 0.709255440666567
0.628786057639688 0.708195865288655
0.627743488990763 0.70711025615145
0.626673294989968 0.705996259192583
0.625573097484859 0.704851321315773
0.624440316011683 0.703672664207442
0.623272142417467 0.702457254247676
0.622065511869688 0.701201767785658
0.620817069628056 0.699902550891596
0.619523132830002 0.69855557249904
0.618179646642979 0.697156369360107
0.616782100564813 0.695700012954012
0.615325391178692 0.694181108045178
0.613803803274436 0.692593653814761
0.612210932990042 0.690930931808195
0.610539576311225 0.689185391783904
0.608824145660308 0.687392984764689
0.607020345972614 0.685507455438021
0.605118194836767 0.683518390415555
0.603108593270576 0.681416326731098
0.600981318923607 0.679190592870681
0.598724921357619 0.676829038236784
0.596326447387954 0.674317850425181
0.593771166676153 0.671641279589172
0.591042256994835 0.668781284376748
0.591042256994835 0.66878128437675
0.588213744089327 0.66581500155712
0.58515433492873 0.66260421862867
0.581852791620649 0.65913662736377
0.578298752619881 0.6554008522185699
0.574483067957915 0.6513867721217801
0.570398152392589 0.64708588143078
0.566038486394444 0.6424915525811301
0.561400994575014 0.6375994376935901
0.556485360602836 0.6324079271046401
0.551294301372807 0.62691861156926
0.545833799008317 0.6211367149212601
0.540119499858363 0.61507771460859
0.53427063451957 0.6088669978261101
0.528158490267082 0.60236652319681
0.521785169008608 0.59557672865636
0.515154567223665 0.58850000959492
0.508272533107925 0.5811408202933801
0.501146931924897 0.5735058196762599
0.493787709785729 0.5656039667583199
0.486207052238606 0.55744646742346
0.478427925931297 0.5490559376329001
0.470542281407282 0.5405295540591399
0.462455676864137 0.5317627865764201
0.454180018153637 0.52276630071559
0.44572825177199 0.5135528102726199
0.437115284410104 0.5041361579494099
0.428357903075008 0.49453127562422994
0.419473450036123 0.4847552328195599
0.410480108874139 0.47482676426929005
0.401403339381114 0.46477096147697994
0.392564236775996 0.4549471269088301
0.384260946257663 0.4457045494677201
0.376296430329617 0.4368349533949101
0.368507247394231 0.42815572487366005
0.360743989047704 0.41949897049055007
0.352858799839064 0.41069890857619007
0.344694259864991 0.40157862089764995
0.336070309093088 0.39193520232270007
0.326838400187178 0.3815997218211
0.317769013647086 0.37143182020350896
0.309296582754248 0.361918422205211
0.301243179571974 0.352861428161486
0.293460619588519 0.34409534575478395
0.285818805128538 0.335474192338694
0.278196715062613 0.32686130601742003
0.270474885224435 0.318120271885609
0.262527689568638 0.30910624762472705
0.254214397104943 0.29965643599145
0.245675282411477 0.289927620645798
0.237400520962228 0.28047763331698905
0.229381892848366 0.271297886372448
0.221564011719286 0.262325575692411
0.213896493355091 0.253503069551103
0.206332485863762 0.24477644450008895
0.198827274140167 0.23609431064311204
0.191337430501506 0.22740638625339304
0.183820135546526 0.218662038959621
0.176232162812965 0.20980912937256602
0.168548179187743 0.20081594090974098
0.161061077147551 0.19202489982715698
0.153972412121212 0.18367516259803096
0.147240621967072 0.17572114485883006
0.140829309221334 0.16812278306016104
0.134706414039731 0.16084470820849606
0.128843544259156 0.15385555646626803
0.123215466422525 0.14712735936459898
0.117799670998844 0.140635044639
0.112576009949466 0.13435601607059
0.107526342570021 0.12826983959832405
0.102634261856004 0.12235795469085697
0.09788490718015558 0.11660339021969601
0.09326474730098064 0.110990567682685
0.08876137779610364 0.10550514416244106
0.08434991712284155 0.10011744270418299
0.07999833050047851 0.09478919202109903
0.07574082260256124 0.08956337541372705
0.07158916369489225 0.08445569436468803
0.06755382532765646 0.079480281291604
0.0636443667426996 0.07464921324999896
0.05986936484209694 0.06997246362884701
0.05623580504069141 0.06545835417220902
0.05274906542798165 0.06111358559979696
0.04941293315346635 0.056943296919624964
0.04622868951085688 0.05295191344868
0.04319553181550721 0.04914296225381498
0.04031189555697638 0.04551820851064703
0.03757558202895779 0.042077771073281034
0.03498381989211988 0.038820303203089046
0.03253331810250613 0.03574318558273604
0.03022098287868754 0.03284218904534497
0.02804493887685592 0.030110886561055983
0.02600256081176098 0.027542445868512955
0.02409019676365354 0.025130059347154954
0.02230340152783223 0.02286694926650701
0.02063713840125247 0.020746379229102052
0.01908595406880242 0.01876166853289496
0.01764412776666082 0.01690620909016305
0.01630579645902143 0.015173484228762968
0.01506505798958065 0.013557088391350058
0.01391603442297224 0.012050762653408986
0.01285176250954376 0.01064930494531402
0.01186044286311531 0.009343121965556977
0.01104318955313871 0.008268911115589028
0.01034586814836782 0.007356174945319038
0.009726670800312491 0.006549913968705967
0.009157220729888874 0.005812823894285057
0.008616466037329419 0.005117473441035969
0.008087156660351863 0.004441775718314056
0.007553480268227298 0.0037660052198880134
0.006999103675608832 0.0030704405804969914
0.006415671522434492 0.0023460896554220456
0.005846592961950049 0.0016477056524070166
0.005296994778031852 0.0009812288766150035
0.004736450985694316 0.0003633556369669888
0.004081579903536229 -0.00011687806212701268
0.003354090185464001 -0.00044325920539300956
0.002583326449124289 -0.0006106613072609512
0.00179735701453589 -0.0006165624217000509
0.001023869282711515 -0.00046065984971699336
0.0002910359099514043 -0.00014487020471098955
-0.0003716367656059873 0.000326227587104988
-0.0009325342131819968 0.0009444576142050298
-0.00135733075991562 0.001696518133348035
-0.001608747238931674 0.002561702184110004
