# Baseline transonic compressor profile L030-4
# 425 points - extracted from coarse mesh (blocks 3-4-7-6)
-1.608747238931674e-03 2.561702184110038e-03
-1.649011277599055e-03 3.483800221346196e-03
-1.455470938314148e-03 4.423163998911831e-03
-1.017721220410695e-03 5.318538665669986e-03
-4.832228355275334e-04 6.207445051073934e-03
7.289052345317996e-05 7.129010641735916e-03
6.513349006195954e-04 8.083803369722337e-03
1.252558329287326e-03 9.072504078457678e-03
1.876962996737550e-03 1.009577106916004e-02
2.524897908627134e-03 1.115423757506121e-02
3.196651117985305e-03 1.224850923557583e-02
3.892441551408738e-03 1.337916157419034e-02
4.612410476032078e-03 1.454673747994806e-02
5.356612662774045e-03 1.575174468768619e-02
6.125007318741455e-03 1.699465325743256e-02
6.917450083864879e-03 1.827589214164650e-02
7.732530545661081e-03 1.959370470690071e-02
8.561327739882840e-03 2.093366435624438e-02
9.415466675320254e-03 2.231448008464151e-02
1.029555171489037e-02 2.373702798242888e-02
1.120219260074957e-02 2.520217554309465e-02
1.213600405886447e-02 2.671077913300425e-02
1.309760540786255e-02 2.826368132575729e-02
1.408762015506283e-02 2.986170807342518e-02
1.510667558003938e-02 3.150566571300001e-02
1.615540230589302e-02 3.319633780724394e-02
1.723443385816544e-02 3.493448182007719e-02
1.834440621104245e-02 3.672082562772527e-02
1.948595731350220e-02 3.855606385737776e-02
2.065972663729998e-02 4.044085412622091e-02
2.186314527477787e-02 4.237067006315950e-02
2.307180094885010e-02 4.430603030311606e-02
2.428421870478260e-02 4.624446270125512e-02
2.550765729197020e-02 4.819758113411981e-02
2.674963797113443e-02 5.017735551048071e-02
2.801813561613767e-02 5.219640936389616e-02
2.932179133282875e-02 5.426835356704685e-02
3.067016151682324e-02 5.640817408883805e-02
3.207401933984665e-02 5.863269845665681e-02
3.354573000618537e-02 6.096117360194378e-02
3.509972915717256e-02 6.341599989229033e-02
3.675314592450961e-02 6.602368448408713e-02
3.852663050625409e-02 6.881610536413083e-02
4.036653410162399e-02 7.170816007233106e-02
4.223049940091755e-02 7.463285028813706e-02
4.413738649153201e-02 7.761940552682041e-02
4.610668604907747e-02 8.069780489961272e-02
4.816037017622490e-02 8.390162681587178e-02
5.032395443536522e-02 8.726962530873658e-02
5.262789454325001e-02 9.084778392639214e-02
5.510949020185220e-02 9.469209473905171e-02
5.781551721871935e-02 9.887247397837463e-02
6.080607721105204e-02 1.034783859402930e-01
6.416042516542177e-02 1.086271544829330e-01
6.798592737239670e-02 1.144767561596830e-01
7.229928608516845e-02 1.210439340226030e-01
7.664673048130431e-02 1.276326522812960e-01
8.095453700249292e-02 1.341312860411290e-01
8.519770441881425e-02 1.405032485403590e-01
8.935274989046324e-02 1.467148522280320e-01
9.339825765130710e-02 1.527359207440830e-01
9.731521589382451e-02 1.585403182160890e-01
1.010872790440520e-01 1.641062850459890e-01
1.047009338269330e-01 1.694165917126830e-01
1.081455102716370e-01 1.744585618674610e-01
1.114540505019130e-01 1.792832844277500e-01
1.146093747638720e-01 1.838681511087790e-01
1.175906159045750e-01 1.881854313233710e-01
1.204459802359370e-01 1.923071536254850e-01
1.232166976320090e-01 1.962942349868020e-01
1.259395283216160e-01 2.002003969119280e-01
1.286487840311190e-01 2.040752108158320e-01
1.313780899961350e-01 2.079666701045630e-01
1.341620724430550e-01 2.119235914858580e-01
1.370381351504390e-01 2.159981168248290e-01
1.370381351504390e-01 2.159981168248290e-01
1.399953278901590e-01 2.201735945261720e-01
1.431776137941790e-01 2.246511664455270e-01
1.465759796128680e-01 2.294148915298190e-01
1.501755191513750e-01 2.344406317014780e-01
1.539552748338040e-01 2.396959696412100e-01
1.578884626461340e-01 2.451405838709140e-01
1.619429289329520e-01 2.507272541513210e-01
1.660820285172190e-01 2.564033445197390e-01
1.702658261114750e-01 2.621127258387330e-01
1.744525010748220e-01 2.677980298926050e-01
1.786251495950810e-01 2.734366514231820e-01
1.829446284664220e-01 2.792448743508620e-01
1.874383788519730e-01 2.852564967331040e-01
1.920892777557380e-01 2.914450657553970e-01
1.968771092152850e-01 2.977803756463050e-01
2.017788024184770e-01 3.042289938324660e-01
2.067687304896430e-01 3.107549791250650e-01
2.118192225856190e-01 3.173206442200590e-01
2.169012140707990e-01 3.238873702961910e-01
2.219849300063230e-01 3.304164929239690e-01
2.270405897709110e-01 3.368702009346050e-01
2.320390669390150e-01 3.432124264202550e-01
2.369957421329210e-01 3.494639271546110e-01
2.420334546057660e-01 3.557792415441690e-01
2.471559710149300e-01 3.621612360966770e-01
2.523478076020960e-01 3.685888954705580e-01
2.575925410079850e-01 3.750406170984110e-01
2.628730298191220e-01 3.814944830759380e-01
2.681716532148090e-01 3.879285431776040e-01
2.734705282487650e-01 3.943211273942700e-01
2.787517556000070e-01 4.006511334296920e-01
2.839976776638090e-01 4.068982880300060e-01
2.891968760779030e-01 4.130500287093860e-01
2.944762342978860e-01 4.192559852712910e-01
2.999593893398810e-01 4.256580461422770e-01
3.056232036817030e-01 4.322247009802250e-01
3.114404660755140e-01 4.389209505312400e-01
3.173805208248830e-01 4.457088163364710e-01
3.234102099298880e-01 4.525478497041240e-01
3.294948188261580e-01 4.593958557218980e-01
3.355983067689280e-01 4.662104059934540e-01
3.416827998286190e-01 4.729511107289810e-01
3.477095617966390e-01 4.795805709481320e-01
3.536419516092900e-01 4.860633975057530e-01
3.594670457970360e-01 4.923788398773220e-01
3.653194892783910e-01 4.986577680760750e-01
3.712508071189020e-01 5.049417302341900e-01
3.772433781796900e-01 5.112232246193880e-01
3.832727657916890e-01 5.175010038296241e-01
3.893188740139570e-01 5.237696124617570e-01
3.953777361203620e-01 5.300080097541811e-01
4.014491668740100e-01 5.361914206054660e-01
4.075263211525470e-01 5.423016682295170e-01
4.135915200925860e-01 5.483318069594680e-01
4.196265601355460e-01 5.542763351589660e-01
4.256173522999020e-01 5.601266306523600e-01
4.315535034713920e-01 5.658714110197980e-01
4.374249226371390e-01 5.715002950166760e-01
4.432336740809700e-01 5.770171553779350e-01
4.490037179088970e-01 5.824475278811559e-01
4.546961161880040e-01 5.877574786883220e-01
4.603113733760590e-01 5.929497511902200e-01
4.658501881107170e-01 5.980268396944660e-01
4.713132311825110e-01 6.029912264649701e-01
4.767009950491140e-01 6.078455502838840e-01
4.820139092181870e-01 6.125924841360140e-01
4.872524385745580e-01 6.172346271456730e-01
4.924171288339590e-01 6.217744518178761e-01
4.975085846814980e-01 6.262143265888620e-01
5.025274263279300e-01 6.305565641521630e-01
5.074743069021090e-01 6.348034009235410e-01
5.123499233865170e-01 6.389569834429630e-01
5.171549819672669e-01 6.430194081038770e-01
5.218901825632249e-01 6.469927383602060e-01
5.265561533901360e-01 6.508790879752649e-01
5.311740533863050e-01 6.546975019635950e-01
5.356647231651890e-01 6.583844082541250e-01
5.400278997105090e-01 6.619420361296769e-01
5.442787820974020e-01 6.653848545026960e-01
5.484312989363900e-01 6.687258860171700e-01
5.524982872454580e-01 6.719769454009000e-01
5.564916564129260e-01 6.751488309588990e-01
5.604225088067620e-01 6.782515172181171e-01
5.643013021513220e-01 6.812942515386250e-01
5.681379805349960e-01 6.842856542758450e-01
5.719420801787370e-01 6.872338223848640e-01
5.757228365892790e-01 6.901464085627670e-01
5.794892755851440e-01 6.930307035083660e-01
5.832502886726390e-01 6.958937255514880e-01
5.870147164107530e-01 6.987422910201810e-01
5.907914337307431e-01 7.015830765922290e-01
5.945859871886190e-01 7.044200881286981e-01
5.984298084021350e-01 7.072763947158640e-01
6.023206076417370e-01 7.101496603195470e-01
6.062212501003180e-01 7.130120967466660e-01
6.100941609090130e-01 7.158364134501310e-01
6.139027234832440e-01 7.185969004545760e-01
6.176127376644830e-01 7.212701980446889e-01
6.211936021646940e-01 7.238360032567800e-01
6.246192287623770e-01 7.262775532488920e-01
6.278688495239140e-01 7.285815773055410e-01
6.309271168020720e-01 7.307385545427060e-01
6.337838236014920e-01 7.327428867200970e-01
6.364336128816850e-01 7.345925719254300e-01
6.388755083761229e-01 7.362887462308479e-01
6.411123166766500e-01 7.378351648355510e-01
6.431497958743460e-01 7.392379095136620e-01
6.449960637212100e-01 7.405047506489940e-01
6.466612153392770e-01 7.416442863898099e-01
6.481566959584740e-01 7.426655802191831e-01
6.494947407090960e-01 7.435778801421510e-01
6.506879109546690e-01 7.443903880776470e-01
6.517487254534160e-01 7.451120778881840e-01
6.526893791195580e-01 7.457515582308120e-01
6.535215389301340e-01 7.463169750978340e-01
6.542562051469770e-01 7.468159482681830e-01
6.549036259516759e-01 7.472555357709399e-01
6.554732543750680e-01 7.476422207382650e-01
6.559737375956090e-01 7.479819155078030e-01
6.564129301975949e-01 7.482799785354710e-01
6.567979243643380e-01 7.485412403243680e-01
6.571350913974450e-01 7.487700352906590e-01
6.574301301571150e-01 7.489702371083879e-01
6.576881190641010e-01 7.491452956345960e-01
6.576881190641010e-01 7.491452956345960e-01
6.579362087703110e-01 7.493128617436130e-01
6.581843093001550e-01 7.494652059543470e-01
6.584367745905720e-01 7.495942360360240e-01
6.586913666476050e-01 7.497018491404051e-01
6.589467157304660e-01 7.497888037583630e-01
6.592014972452110e-01 7.498561329843960e-01
6.594545686135110e-01 7.499048192416710e-01
6.597049301333290e-01 7.499358303003630e-01
6.599517096855350e-01 7.499501088550010e-01
6.601941476339540e-01 7.499485671474880e-01
6.604315829528540e-01 7.499320842284750e-01
6.606634410894831e-01 7.499015039759890e-01
6.608892230053320e-01 7.498576336970760e-01
6.611084954858200e-01 7.498012441727741e-01
6.613208824990749e-01 7.497330699008840e-01
6.615260574499220e-01 7.496538096780930e-01
6.617237364514200e-01 7.495641280174690e-01
6.619136723433739e-01 7.494646565831280e-01
6.620956491024230e-01 7.493559953277690e-01
6.622694772707550e-01 7.492387145527341e-01
6.624349897145539e-01 7.491133566992840e-01
6.625920377976400e-01 7.489804380559290e-01
6.627404882239090e-01 7.488404509103200e-01
6.628802200174440e-01 7.486938653398810e-01
6.630111697628870e-01 7.485410725652010e-01
6.631395469832680e-01 7.483737953380830e-01
6.632734620723650e-01 7.481762251551800e-01
6.634095845815901e-01 7.479434037569740e-01
6.635429372013441e-01 7.476700527668940e-01
6.636664311518000e-01 7.473508746802110e-01
6.637703659741120e-01 7.469810624189130e-01
6.638419560051571e-01 7.465570935495800e-01
6.638649903618230e-01 7.460778822954970e-01
6.638198060094740e-01 7.455463414555840e-01
6.636838234652800e-01 7.449713413089760e-01
6.634329614982780e-01 7.443699336486790e-01
6.630435389699240e-01 7.437702004391340e-01
6.625226240438890e-01 7.431865703671650e-01
6.619467409347760e-01 7.425617098910340e-01
6.613226628646470e-01 7.418894351706939e-01
6.606507738127690e-01 7.411709846084690e-01
6.599325526919120e-01 7.404086151041060e-01
6.591706614317910e-01 7.396056787217909e-01
6.583690078598610e-01 7.387666283825970e-01
6.575327445441880e-01 7.378969674825741e-01
6.566681927818550e-01 7.370031403470750e-01
6.557826872706680e-01 7.360923653404720e-01
6.548843459923440e-01 7.351724184897270e-01
6.539817786946210e-01 7.342513803029160e-01
6.530837554972790e-01 7.333373623971170e-01
6.521963470195050e-01 7.324356780372920e-01
6.513075670135260e-01 7.315333326207200e-01
6.504130828795960e-01 7.306251407247260e-01
6.495134449113830e-01 7.297108511778730e-01
6.486092230388431e-01 7.287902030011260e-01
6.477010037653110e-01 7.278629298688341e-01
6.467891803649560e-01 7.269289655455470e-01
6.458738498928220e-01 7.259885419232230e-01
6.449550826309940e-01 7.250419245004061e-01
6.440329480737880e-01 7.240893863762160e-01
6.431075146125370e-01 7.231312083819300e-01
6.421788495984980e-01 7.221676788385020e-01
6.412470194175340e-01 7.211990932990900e-01
6.403120895763490e-01 7.202257542768760e-01
6.393741248000360e-01 7.192479709585370e-01
6.384331891406000e-01 7.182660589037180e-01
6.374893460960830e-01 7.172803397308850e-01
6.365426587398580e-01 7.162911407899520e-01
6.355931898595720e-01 7.152987948221160e-01
6.346410021052130e-01 7.143036396073330e-01
6.336861581418480e-01 7.133060176035420e-01
6.327287237937710e-01 7.123062727169730e-01
6.317692082727669e-01 7.113050457064590e-01
6.307969510298590e-01 7.102911601944309e-01
6.298031990680280e-01 7.092554406665670e-01
6.287860576396880e-01 7.081958652886550e-01
6.277434889907630e-01 7.071102561514500e-01
6.266732949899680e-01 7.059962591925830e-01
6.255730974848590e-01 7.048513213157730e-01
6.244403160116830e-01 7.036726642074420e-01
6.232721424174670e-01 7.024572542476760e-01
6.220655118696879e-01 7.012017677856580e-01
6.208170696280561e-01 6.999025508915960e-01
6.195231328300020e-01 6.985555724990400e-01
6.181796466429790e-01 6.971563693601071e-01
6.167821005648130e-01 6.957000129540120e-01
6.153253911786920e-01 6.941811080451780e-01
6.138038032744360e-01 6.925936538147610e-01
6.122109329900420e-01 6.909309318081950e-01
6.105395763112250e-01 6.891853917839040e-01
6.088241456603080e-01 6.873929847646890e-01
6.070203459726140e-01 6.855074554380211e-01
6.051181948367670e-01 6.835183904155550e-01
6.031085932705760e-01 6.814163267310980e-01
6.009813189236070e-01 6.791905928706810e-01
5.987249213576190e-01 6.768290382367840e-01
5.963264473879540e-01 6.743178504251810e-01
5.937711666761530e-01 6.716412795891720e-01
5.910422569948350e-01 6.687812843767480e-01
5.910422569948350e-01 1.289781284376750e+00
5.882137440893270e-01 1.286815001557120e+00
5.851543349287300e-01 1.283604218628670e+00
5.818527916206490e-01 1.280136627363770e+00
5.782987526198810e-01 1.276400852218570e+00
5.744830679579150e-01 1.272386772121780e+00
5.703981523925890e-01 1.268085881430780e+00
5.660384863944440e-01 1.263491552581130e+00
5.614009945750140e-01 1.258599437693590e+00
5.564853606028360e-01 1.253407927104640e+00
5.512943013728070e-01 1.247918611569260e+00
5.458337990083170e-01 1.242136714921260e+00
5.401194998583631e-01 1.236077714608590e+00
5.342706345195700e-01 1.229866997826110e+00
5.281584902670819e-01 1.223366523196810e+00
5.217851690086081e-01 1.216576728656360e+00
5.151545672236650e-01 1.209500009594920e+00
5.082725331079250e-01 1.202140820293380e+00
5.011469319248970e-01 1.194505819676260e+00
4.937877097857290e-01 1.186603966758320e+00
4.862070522386060e-01 1.178446467423460e+00
4.784279259312970e-01 1.170055937632900e+00
4.705422814072820e-01 1.161529554059140e+00
4.624556768641370e-01 1.152762786576420e+00
4.541800181536370e-01 1.143766300715590e+00
4.457282517719900e-01 1.134552810272620e+00
4.371152844101040e-01 1.125136157949410e+00
4.283579030750080e-01 1.115531275624230e+00
4.194734500361230e-01 1.105755232819560e+00
4.104801088741390e-01 1.095826764269290e+00
4.014033393811140e-01 1.085770961476980e+00
3.925642367759960e-01 1.075947126908830e+00
3.842609462576630e-01 1.066704549467720e+00
3.762964303296170e-01 1.057834953394910e+00
3.685072473942310e-01 1.049155724873660e+00
3.607439890477040e-01 1.040498970490550e+00
3.528587998390640e-01 1.031698908576190e+00
3.446942598649910e-01 1.022578620897650e+00
3.360703090930880e-01 1.012935202322700e+00
3.268384001871780e-01 1.002599721821100e+00
3.177690136470860e-01 9.924318202035090e-01
3.092965827542480e-01 9.829184222052110e-01
3.012431795719740e-01 9.738614281614860e-01
2.934606195885190e-01 9.650953457547840e-01
2.858188051285380e-01 9.564741923386940e-01
2.781967150626130e-01 9.478613060174200e-01
2.704748852244350e-01 9.391202718856090e-01
2.625276895686380e-01 9.301062476247270e-01
2.542143971049430e-01 9.206564359914500e-01
2.456752824114770e-01 9.109276206457980e-01
2.374005209622280e-01 9.014776333169890e-01
2.293818928483660e-01 8.922978863724480e-01
2.215640117192860e-01 8.833255756924110e-01
2.138964933550910e-01 8.745030695511030e-01
2.063324858637620e-01 8.657764445000889e-01
1.988272741401670e-01 8.570943106431120e-01
1.913374305015060e-01 8.484063862533930e-01
1.838201355465260e-01 8.396620389596210e-01
1.762321628129650e-01 8.308091293725660e-01
1.685481791877430e-01 8.218159409097410e-01
1.610610771475510e-01 8.130248998271570e-01
1.539724121212120e-01 8.046751625980310e-01
1.472406219670720e-01 7.967211448588301e-01
1.408293092213340e-01 7.891227830601610e-01
1.347064140397310e-01 7.818447082084961e-01
1.288435442591560e-01 7.748555564662680e-01
1.232154664225250e-01 7.681273593645990e-01
1.177996709988440e-01 7.616350446390000e-01
1.125760099494660e-01 7.553560160705900e-01
1.075263425700210e-01 7.492698395983241e-01
1.026342618560040e-01 7.433579546908570e-01
9.788490718015558e-02 7.376033902196960e-01
9.326474730098064e-02 7.319905676826850e-01
8.876137779610364e-02 7.265051441624411e-01
8.434991712284155e-02 7.211174427041830e-01
7.999833050047851e-02 7.157891920210990e-01
7.574082260256124e-02 7.105633754137270e-01
7.158916369489225e-02 7.054556943646880e-01
6.755382532765646e-02 7.004802812916040e-01
6.364436674269960e-02 6.956492132499990e-01
5.986936484209694e-02 6.909724636288470e-01
5.623580504069141e-02 6.864583541722090e-01
5.274906542798165e-02 6.821135855997970e-01
4.941293315346635e-02 6.779432969196250e-01
4.622868951085688e-02 6.739519134486800e-01
4.319553181550721e-02 6.701429622538150e-01
4.031189555697638e-02 6.665182085106470e-01
3.757558202895779e-02 6.630777710732810e-01
3.498381989211988e-02 6.598203032030890e-01
3.253331810250613e-02 6.567431855827360e-01
3.022098287868754e-02 6.538421890453450e-01
2.804493887685592e-02 6.511108865610560e-01
2.600256081176098e-02 6.485424458685130e-01
2.409019676365354e-02 6.461300593471550e-01
2.230340152783223e-02 6.438669492665070e-01
2.063713840125247e-02 6.417463792291020e-01
1.908595406880242e-02 6.397616685328950e-01
1.764412776666082e-02 6.379062090901630e-01
1.630579645902143e-02 6.361734842287630e-01
1.506505798958065e-02 6.345570883913501e-01
1.391603442297224e-02 6.330507626534090e-01
1.285176250954376e-02 6.316493049453140e-01
1.186044286311531e-02 6.303431219655570e-01
1.104318955313871e-02 6.292689111155890e-01
1.034586814836782e-02 6.283561749453190e-01
9.726670800312491e-03 6.275499139687060e-01
9.157220729888874e-03 6.268128238942851e-01
8.616466037329419e-03 6.261174734410360e-01
8.087156660351863e-03 6.254417757183141e-01
7.553480268227298e-03 6.247660052198880e-01
6.999103675608832e-03 6.240704405804970e-01
6.415671522434492e-03 6.233460896554220e-01
5.846592961950049e-03 6.226477056524070e-01
5.296994778031852e-03 6.219812288766150e-01
4.736450985694316e-03 6.213633556369670e-01
4.081579903536229e-03 6.208831219378730e-01
3.354090185464001e-03 6.205567407946070e-01
2.583326449124289e-03 6.203893386927390e-01
1.797357014535890e-03 6.203834375782999e-01
1.023869282711515e-03 6.205393401502830e-01
2.910359099514043e-04 6.208551297952890e-01
-3.716367656059873e-04 6.213262275871050e-01
-9.325342131819968e-04 6.219444576142050e-01
-1.357330759915620e-03 6.226965181333480e-01
-1.608747238931674e-03 6.235617021841100e-01
